1403715273262142976
1403715280562142976
1403715280612143104
1403715281212143104
1403715282162142976
1403715282962142976
1403715284512143104
1403715286562142976
1403715287712143104
1403715288812143104
1403715290912143104
1403715292062142976
1403715292912143104
1403715293562142976
1403715295062142976
1403715296262142976
1403715297912143104
1403715300312143104
1403715303612143104
1403715305512143104
1403715308112143104
1403715310712143104
1403715312312143104
1403715314212143104
1403715317412143104
1403715319412143104
1403715321062142976
1403715322812143104
1403715323762142976
1403715328712143104
1403715330762142976
1403715333162142976
1403715335112143104
1403715337012143104
1403715339262142976
1403715342312143104
1403715345012143104
1403715346812143104
1403715347712143104
1403715348662142976
1403715351812143104
1403715353512143104
1403715355662142976
1403715357162142976
1403715358662142976
1403715359512143104
1403715360462142976
1403715361412143104
1403715362512143104
1403715363512143104
1403715364962142976
1403715366962142976
1403715368162142976
1403715371562142976
1403715375062142976
1403715375662142976
1403715376262142976
1403715377012143104
1403715377712143104
1403715378012143104
1403715378512143104
1403715379962142976
1403715380912143104
1403715384062142976
1403715389612143104
1403715394662142976
1403715395362142976
1403715395962142976
1403715396962142976
1403715397912143104
1403715398362142976
1403715399012143104
1403715400512143104
1403715400962142976
1403715401512143104
1403715401862142976
1403715402262142976
1403715402712143104
1403715403162142976
1403715403862142976
1403715404262142976
1403715404662142976
