1403715274302142976
1403715280562142976
1403715280612143104
1403715281212142848
1403715282162142976
1403715282962142976
1403715284512142848
1403715286562142976
1403715287712142848
1403715288812143104
1403715290912143104
1403715292062142976
1403715292912143104
1403715293562142976
1403715295062142976
1403715296262142976
1403715297912143104
1403715300312143104
1403715303612143104
1403715305512142848
1403715308112143104
1403715310712142848
1403715312312143104
1403715314212142848
1403715317412143104
1403715319412143104
1403715321062142976
1403715322812143104
1403715323762142976
1403715328712142848
1403715330762142976
1403715333162142976
1403715335112143104
1403715337012142848
1403715339262142976
1403715342312143104
1403715345012142848
1403715346812143104
1403715347712142848
1403715348662142976
1403715351812143104
1403715353512142848
1403715355662142976
1403715357162142976
1403715358662142976
1403715359512142848
1403715360462142976
1403715361412143104
1403715362512142848
1403715363512142848
1403715364962142976
1403715366962142976
1403715368162142976
1403715371562142976
1403715375062142976
1403715375662142976
1403715376262142976
1403715377012142848
1403715377712142848
1403715378012142848
1403715378512142848
1403715379962142976
1403715380912143104
1403715384062142976
1403715389612143104
1403715394662142976
1403715395362142976
1403715395962142976
1403715396962142976
1403715397912143104
1403715398362142976
1403715399012142848
1403715400512142848
1403715400962142976
1403715401512142848
1403715401862142976
1403715402262142976
1403715402712142848
1403715403162142976
1403715403862142976
1403715404262142976
1403715404662142976
